
###################### VTX block ###############################

vtx 0 2 0 0 1 900 900
vtx 1 2 0 0 1 1300 1800
vtx 2 2 0 0 4 1800 2100
vtx 3 6 1 0 0 900 1150
vtx 4 6 2 0 0 1150 1300
vtx 5 6 3 0 0 1300 1450
vtx 6 6 4 0 0 1450 1650
vtx 7 6 5 0 0 1650 1850
vtx 8 6 6 0 0 1850 2100
vtx 9 7 0 1 0 900 1050
vtx 10 7 0 2 0 1050 1200
vtx 11 7 0 3 0 1200 1325
vtx 12 7 0 4 0 1325 1475
vtx 13 7 0 5 0 1475 1625
vtx 14 7 0 6 0 1625 1750
vtx 15 7 0 7 0 1750 1875
vtx 16 7 0 8 0 1875 2100
vtx 17 5 0 0 1 900 1500
