
######################################################## VTX block #############################################################

vtx 0 2 0 0 1 900 1300
vtx 1 2 0 0 1 1300 1800
vtx 2 2 0 0 4 1800 2100
vtx 3 5 0 0 1 1500 2100
vtx 4 7 1 1 0 900 1075
vtx 5 7 1 2 0 1075 1150
vtx 6 7 1 3 0 1150 1275
vtx 7 7 1 4 0 1275 1425
vtx 8 7 1 5 0 1425 1550
vtx 9 7 1 6 0 1550 1675
vtx 10 7 1 7 0 1675 1825
vtx 11 7 1 8 0 1825 1950
vtx 12 7 1 9 0 1950 2100
vtx 13 0 0 0 1 900 900
vtx 14 0 0 0 0 900 900
vtx 15 0 0 0 0 900 900
vtx 16 0 0 0 0 900 900
vtx 17 0 0 0 0 900 900
vtx 18 0 0 0 0 900 900
vtx 19 0 0 0 0 900 900
vtx 20 0 0 0 0 900 900

######################################################## 

set vtx_band = 1
set vtx_channel = 9
set vtx_power = 1
set vtx_freq = 1360
set vcd_video_system = PAL
