################################ VTX block #######################################

# vtx
vtx 0 2 0 0 1 900 900
vtx 1 2 0 0 1 1300 1800
vtx 2 2 0 0 4 1800 2100
vtx 3 5 0 0 1 900 1500
vtx 4 7 0 1 0 900 1050
vtx 5 7 0 2 0 1050 1200
vtx 6 7 0 3 0 1200 1325
vtx 7 7 0 4 0 1325 1475
vtx 8 7 0 5 0 1475 1625
vtx 9 7 0 6 0 1625 1750
vtx 10 7 0 7 0 1750 1875
vtx 11 7 0 8 0 1875 2100
vtx 12 0 0 0 0 900 900
vtx 13 0 0 0 0 900 900
vtx 14 0 0 0 0 900 900
vtx 15 0 0 0 0 900 900
vtx 16 0 0 0 0 900 900
vtx 17 0 0 0 0 900 900
vtx 18 0 0 0 0 900 900
vtx 19 0 0 0 0 900 900
vtx 20 0 0 0 0 900 900
